-1.267573929459499871e+00 -1.394515623208945638e-09 0.000000000000000000e+00 1.248343412391106355e-06 -1.063108120790586517e-09 0.000000000000000000e+00 -1.394515623208945638e-09 8.561326257125362327e-02 0.000000000000000000e+00 -7.939319930076347773e-06 -7.970662399206943083e-02 7.110875001765756190e-13 0.000000000000000000e+00 0.000000000000000000e+00 8.559533011780613709e-02 0.000000000000000000e+00 7.111075081172230700e-13 7.970174350462225221e-02 1.248343412391106355e-06 -7.939319930076347773e-06 0.000000000000000000e+00 7.688225891421857083e-02 7.622867192375928360e-06 0.000000000000000000e+00 -1.063108120790586517e-09 -7.970662399206943083e-02 7.111075081172230700e-13 7.622867192375928360e-06 1.104695277653721941e-01 0.000000000000000000e+00 0.000000000000000000e+00 7.110875001765756190e-13 7.970174350462225221e-02 0.000000000000000000e+00 0.000000000000000000e+00 1.104836699031160052e-01
-1.394515623208945638e-09 -5.554374343411698778e-01 0.000000000000000000e+00 1.319344381089529865e-06 8.433253177493210684e-02 -7.523199331720748477e-13 8.561326257125362327e-02 3.353108677575721702e-02 -5.016230423214838989e-13 -1.959471410122295976e-02 -2.858792887219019016e-02 -1.730859018896353965e-13 0.000000000000000000e+00 -5.016527884356764587e-13 -3.349963875512586287e-02 0.000000000000000000e+00 1.729215227096915068e-13 -2.859452539402796908e-02 -7.939319930076347773e-06 -1.002791559775232516e-01 0.000000000000000000e+00 -7.763164148714410059e-06 -6.472091646526552389e-02 5.774726706595997462e-13 -7.970662399206943083e-02 -3.166739979108105368e-02 1.912129677885017928e-13 -1.476652956003379931e-02 4.001963723804360246e-02 -1.150582402824109977e-13 7.110875001765756190e-13 -1.911629819373911984e-13 -3.165134550480561137e-02 1.317346837169577926e-13 -1.149099215345363094e-13 -4.002527538554365161e-02
0.000000000000000000e+00 0.000000000000000000e+00 -5.553686505429389353e-01 0.000000000000000000e+00 -7.525215657312619151e-13 -8.433171764908931056e-02 0.000000000000000000e+00 -5.016230423214838989e-13 -3.348938564362301251e-02 0.000000000000000000e+00 1.728516041805666055e-13 -2.859670583614214168e-02 8.559533011780613709e-02 -3.349963875512586287e-02 5.015369009847766232e-13 -1.960732954477693857e-02 2.857892244653575942e-02 1.729883046615942964e-13 0.000000000000000000e+00 0.000000000000000000e+00 -1.002905639785772046e-01 0.000000000000000000e+00 5.773383193807651832e-13 6.471789186939058691e-02 7.111075081172230700e-13 1.912129677885017928e-13 3.163367349557966862e-02 1.317032359679923989e-13 1.150391833416571065e-13 4.001497750258228847e-02 7.970174350462225221e-02 -3.165134550480561137e-02 1.915203577967786008e-13 1.475598658706421019e-02 4.000760115113814741e-02 -1.147057547178633909e-13
1.248343412391106355e-06 1.319344381089529865e-06 0.000000000000000000e+00 -5.190286760206386241e-02 -6.404201437105229918e-06 0.000000000000000000e+00 -7.939319930076347773e-06 -1.959471410122295976e-02 0.000000000000000000e+00 1.849279222352638911e-06 -7.142393355391662979e-02 6.372050666546477563e-13 0.000000000000000000e+00 0.000000000000000000e+00 -1.960732954477693857e-02 0.000000000000000000e+00 6.372070362554844272e-13 7.141276082714992368e-02 7.688225891421857083e-02 -7.763164148714410059e-06 0.000000000000000000e+00 -8.312041276635595555e-02 6.683066698406947365e-06 0.000000000000000000e+00 7.622867192375928360e-06 -1.476652956003379931e-02 1.317032359679923989e-13 -1.069668231829350033e-06 7.569274368918905982e-02 0.000000000000000000e+00 0.000000000000000000e+00 1.317346837169577926e-13 1.475598658706421019e-02 0.000000000000000000e+00 0.000000000000000000e+00 7.569971595025466737e-02
-1.063108120790586517e-09 8.433253177493210684e-02 -7.525215657312619151e-13 -6.404201437105229918e-06 4.204128005651348587e-01 0.000000000000000000e+00 -7.970662399206943083e-02 -2.858792887219019016e-02 1.728516041805666055e-13 -7.142393355391662979e-02 6.405101890226833072e-02 -1.840824957489843985e-13 7.111075081172230700e-13 1.729215227096915068e-13 2.857892244653575942e-02 6.372070362554844272e-13 1.839324284122237941e-13 6.401080135579292896e-02 7.622867192375928360e-06 -6.472091646526552389e-02 5.773383193807651832e-13 6.683066698406947365e-06 -2.145392184537700531e-02 0.000000000000000000e+00 1.104695277653721941e-01 4.001963723804360246e-02 1.150391833416571065e-13 7.569274368918905982e-02 -8.332034164139089094e-02 9.825417379963773986e-13 0.000000000000000000e+00 -1.149099215345363094e-13 4.000760115113814741e-02 0.000000000000000000e+00 9.829008997442669928e-13 8.329367559925837661e-02
0.000000000000000000e+00 -7.523199331720748477e-13 -8.433171764908931056e-02 0.000000000000000000e+00 0.000000000000000000e+00 4.205658630200841408e-01 7.110875001765756190e-13 -1.730859018896353965e-13 -2.859670583614214168e-02 6.372050666546477563e-13 -1.840824957489843985e-13 -6.402430831788166743e-02 7.970174350462225221e-02 -2.859452539402796908e-02 1.729883046615942964e-13 7.141276082714992368e-02 6.401080135579292896e-02 -1.837368387524826125e-13 0.000000000000000000e+00 5.774726706595997462e-13 6.471789186939058691e-02 0.000000000000000000e+00 0.000000000000000000e+00 -2.143288197205631129e-02 0.000000000000000000e+00 -1.150582402824109977e-13 4.001497750258228847e-02 0.000000000000000000e+00 9.825417379963773986e-13 8.329286456945800277e-02 1.104836699031160052e-01 -4.002527538554365161e-02 -1.147057547178633909e-13 7.569971595025466737e-02 8.329367559925837661e-02 -9.824828726188892318e-13
-1.394515623208945638e-09 8.561326257125362327e-02 0.000000000000000000e+00 -7.939319930076347773e-06 -7.970662399206943083e-02 7.110875001765756190e-13 -5.554374343411698778e-01 3.353108677575721702e-02 -5.016527884356764587e-13 -1.002791559775232516e-01 -3.166739979108105368e-02 -1.911629819373911984e-13 0.000000000000000000e+00 -5.016230423214838989e-13 -3.349963875512586287e-02 0.000000000000000000e+00 1.912129677885017928e-13 -3.165134550480561137e-02 1.319344381089529865e-06 -1.959471410122295976e-02 0.000000000000000000e+00 -7.763164148714410059e-06 -1.476652956003379931e-02 1.317346837169577926e-13 8.433253177493210684e-02 -2.858792887219019016e-02 1.729215227096915068e-13 -6.472091646526552389e-02 4.001963723804360246e-02 -1.149099215345363094e-13 -7.523199331720748477e-13 -1.730859018896353965e-13 -2.859452539402796908e-02 5.774726706595997462e-13 -1.150582402824109977e-13 -4.002527538554365161e-02
8.561326257125362327e-02 3.353108677575721702e-02 -5.016230423214838989e-13 -1.959471410122295976e-02 -2.858792887219019016e-02 -1.730859018896353965e-13 3.353108677575721702e-02 3.403201945857874389e-01 0.000000000000000000e+00 -1.151009966504204507e-02 1.667918848602087944e-01 -1.488285859464808919e-12 -5.016230423214838989e-13 0.000000000000000000e+00 3.227085039439243214e-02 1.723581291776383109e-13 7.611344450701357781e-14 8.549596908226243797e-03 -1.959471410122295976e-02 -1.151009966504204507e-02 1.723581291776383109e-13 3.886582780005089222e-02 -5.719600756170382418e-03 -3.462702612028879137e-14 -2.858792887219019016e-02 1.667918848602087944e-01 7.611344450701357781e-14 -5.719600756170382418e-03 9.252280473779980752e-02 -6.387676900231787406e-13 -1.730859018896353965e-13 -1.488285859464808919e-12 8.549596908226243797e-03 -3.462702612028879137e-14 -6.387676900231787406e-13 2.094085600289304072e-02
0.000000000000000000e+00 -5.016230423214838989e-13 -3.348938564362301251e-02 0.000000000000000000e+00 1.728516041805666055e-13 -2.859670583614214168e-02 -5.016527884356764587e-13 0.000000000000000000e+00 2.758350775649731634e-01 1.723604214915308021e-13 -1.640411763162968380e-12 -1.838879385470226502e-01 -3.349963875512586287e-02 3.227085039439243214e-02 0.000000000000000000e+00 1.151763060621384914e-02 -8.541156218991326210e-03 7.660205927934179170e-14 0.000000000000000000e+00 1.723581291776383109e-13 1.152377008509985513e-02 0.000000000000000000e+00 3.466056387397502139e-14 -5.723315684846089213e-03 1.729215227096915068e-13 7.611344450701357781e-14 1.838988243872861916e-01 3.471129265176337269e-14 -6.383908371373393089e-13 -5.205760036235518307e-02 -2.859452539402796908e-02 8.549596908226243797e-03 -1.640072163574285810e-12 -5.716120428514005411e-03 -1.951429520889335842e-02 6.380453178769051243e-13
-7.939319930076347773e-06 -1.959471410122295976e-02 0.000000000000000000e+00 1.849279222352638911e-06 -7.142393355391662979e-02 6.372050666546477563e-13 -1.002791559775232516e-01 -1.151009966504204507e-02 1.723604214915308021e-13 7.816885217146352094e-01 -2.812138135324644336e-02 -1.699502313586374104e-13 0.000000000000000000e+00 1.723581291776383109e-13 1.151763060621384914e-02 0.000000000000000000e+00 1.697965881801346099e-13 -2.809272619287866979e-02 -7.763164148714410059e-06 3.886582780005089222e-02 0.000000000000000000e+00 1.241578225954670038e-05 1.343831226200582069e-02 -1.199419416307538074e-13 -6.472091646526552389e-02 -5.719600756170382418e-03 3.471129265176337269e-14 1.700919675666484887e-01 2.667089444610586113e-02 -7.660179658529437829e-14 5.774726706595997462e-13 -3.462702612028879137e-14 -5.716120428514005411e-03 -1.517355862091092214e-12 -7.676935488155563377e-14 -2.667892999889672975e-02
-7.970662399206943083e-02 -2.858792887219019016e-02 1.728516041805666055e-13 -7.142393355391662979e-02 6.405101890226833072e-02 -1.840824957489843985e-13 -3.166739979108105368e-02 1.667918848602087944e-01 -1.640411763162968380e-12 -2.812138135324644336e-02 1.217134085910197339e+00 -6.219588580959006449e-13 1.912129677885017928e-13 7.611344450701357781e-14 -8.541156218991326210e-03 1.697965881801346099e-13 -6.205491624791750188e-13 -3.480430952039673120e-02 -1.476652956003379931e-02 -5.719600756170382418e-03 3.466056387397502139e-14 1.343831226200582069e-02 2.828359595125531228e-03 -8.153767029126378066e-15 4.001963723804360246e-02 9.252280473779980752e-02 -6.383908371373393089e-13 2.667089444610586113e-02 7.404378674776490588e-02 2.698622157319898243e-13 -1.150582402824109977e-13 -6.387676900231787406e-13 -1.951429520889335842e-02 -7.676935488155563377e-14 -1.201756021761454867e-12 -3.031736262681644992e-02
7.110875001765756190e-13 -1.730859018896353965e-13 -2.859670583614214168e-02 6.372050666546477563e-13 -1.840824957489843985e-13 -6.402430831788166743e-02 -1.911629819373911984e-13 -1.488285859464808919e-12 -1.838879385470226502e-01 -1.699502313586374104e-13 -6.219588580959006449e-13 1.147609943643186359e+00 -3.165134550480561137e-02 8.549596908226243797e-03 7.660205927934179170e-14 -2.809272619287866979e-02 -3.480430952039673120e-02 6.207881592776480222e-13 1.317346837169577926e-13 -3.462702612028879137e-14 -5.723315684846089213e-03 -1.199419416307538074e-13 -8.153767029126378066e-15 -2.824914742998344691e-03 -1.149099215345363094e-13 -6.387676900231787406e-13 -5.205760036235518307e-02 -7.660179658529437829e-14 2.698622157319898243e-13 1.346713254778924007e-01 -4.002527538554365161e-02 2.094085600289304072e-02 6.380453178769051243e-13 -2.667892999889672975e-02 -3.031736262681644992e-02 -6.595553897823329079e-13
0.000000000000000000e+00 0.000000000000000000e+00 8.559533011780613709e-02 0.000000000000000000e+00 7.111075081172230700e-13 7.970174350462225221e-02 0.000000000000000000e+00 -5.016230423214838989e-13 -3.349963875512586287e-02 0.000000000000000000e+00 1.912129677885017928e-13 -3.165134550480561137e-02 -5.553686505429389353e-01 -3.348938564362301251e-02 5.015369009847766232e-13 -1.002905639785772046e-01 3.163367349557966862e-02 1.915203577967786008e-13 0.000000000000000000e+00 0.000000000000000000e+00 -1.960732954477693857e-02 0.000000000000000000e+00 1.317032359679923989e-13 1.475598658706421019e-02 -7.525215657312619151e-13 1.728516041805666055e-13 2.857892244653575942e-02 5.773383193807651832e-13 1.150391833416571065e-13 4.000760115113814741e-02 -8.433171764908931056e-02 -2.859670583614214168e-02 1.729883046615942964e-13 6.471789186939058691e-02 4.001497750258228847e-02 -1.147057547178633909e-13
0.000000000000000000e+00 -5.016527884356764587e-13 -3.349963875512586287e-02 0.000000000000000000e+00 1.729215227096915068e-13 -2.859452539402796908e-02 -5.016230423214838989e-13 0.000000000000000000e+00 3.227085039439243214e-02 1.723581291776383109e-13 7.611344450701357781e-14 8.549596908226243797e-03 -3.348938564362301251e-02 2.758350775649731634e-01 0.000000000000000000e+00 1.152377008509985513e-02 1.838988243872861916e-01 -1.640072163574285810e-12 0.000000000000000000e+00 1.723604214915308021e-13 1.151763060621384914e-02 0.000000000000000000e+00 3.471129265176337269e-14 -5.716120428514005411e-03 1.728516041805666055e-13 -1.640411763162968380e-12 -8.541156218991326210e-03 3.466056387397502139e-14 -6.383908371373393089e-13 -1.951429520889335842e-02 -2.859670583614214168e-02 -1.838879385470226502e-01 7.660205927934179170e-14 -5.723315684846089213e-03 -5.205760036235518307e-02 6.380453178769051243e-13
8.559533011780613709e-02 -3.349963875512586287e-02 5.015369009847766232e-13 -1.960732954477693857e-02 2.857892244653575942e-02 1.729883046615942964e-13 -3.349963875512586287e-02 3.227085039439243214e-02 0.000000000000000000e+00 1.151763060621384914e-02 -8.541156218991326210e-03 7.660205927934179170e-14 5.015369009847766232e-13 0.000000000000000000e+00 3.404693929864455182e-01 -1.726046883236731946e-13 -1.488532926538706181e-12 -1.668055252184796611e-01 -1.960732954477693857e-02 1.151763060621384914e-02 -1.726046883236731946e-13 3.887540313357049082e-02 5.717247029675963030e-03 3.459657151723524226e-14 2.857892244653575942e-02 -8.541156218991326210e-03 -1.488532926538706181e-12 5.717247029675963030e-03 2.092824256200490063e-02 6.391024215347351935e-13 1.729883046615942964e-13 7.660205927934179170e-14 -1.668055252184796611e-01 3.459657151723524226e-14 6.391024215347351935e-13 9.250694902348691184e-02
0.000000000000000000e+00 0.000000000000000000e+00 -1.960732954477693857e-02 0.000000000000000000e+00 6.372070362554844272e-13 7.141276082714992368e-02 0.000000000000000000e+00 1.723581291776383109e-13 1.151763060621384914e-02 0.000000000000000000e+00 1.697965881801346099e-13 -2.809272619287866979e-02 -1.002905639785772046e-01 1.152377008509985513e-02 -1.726046883236731946e-13 7.817775368495891719e-01 2.807578106287160480e-02 1.698469006180613929e-13 0.000000000000000000e+00 0.000000000000000000e+00 3.887540313357049082e-02 0.000000000000000000e+00 -1.198549573943270037e-13 -1.344518222565855084e-02 5.773383193807651832e-13 3.466056387397502139e-14 5.717247029675963030e-03 -1.517554097216407866e-12 7.662171798263000164e-14 2.666472032946691148e-02 6.471789186939058691e-02 -5.723315684846089213e-03 3.459657151723524226e-14 -1.700858922346124569e-01 2.667348911210829995e-02 -7.672575283717844598e-14
7.111075081172230700e-13 1.729215227096915068e-13 2.857892244653575942e-02 6.372070362554844272e-13 1.839324284122237941e-13 6.401080135579292896e-02 1.912129677885017928e-13 7.611344450701357781e-14 -8.541156218991326210e-03 1.697965881801346099e-13 -6.205491624791750188e-13 -3.480430952039673120e-02 3.163367349557966862e-02 1.838988243872861916e-01 -1.488532926538706181e-12 2.807578106287160480e-02 1.147560130070874651e+00 6.218073249944514919e-13 1.317032359679923989e-13 3.471129265176337269e-14 5.717247029675963030e-03 -1.198549573943270037e-13 8.187636203075753437e-15 2.820640493553132951e-03 1.150391833416571065e-13 -6.383908371373393089e-13 2.092824256200490063e-02 7.662171798263000164e-14 -6.604052299375768667e-13 3.030181714799851100e-02 4.001497750258228847e-02 -5.205760036235518307e-02 6.391024215347351935e-13 2.667348911210829995e-02 -1.346903279191994929e-01 2.699481567292514749e-13
7.970174350462225221e-02 -2.859452539402796908e-02 1.729883046615942964e-13 7.141276082714992368e-02 6.401080135579292896e-02 -1.837368387524826125e-13 -3.165134550480561137e-02 8.549596908226243797e-03 7.660205927934179170e-14 -2.809272619287866979e-02 -3.480430952039673120e-02 6.207881592776480222e-13 1.915203577967786008e-13 -1.640072163574285810e-12 -1.668055252184796611e-01 1.698469006180613929e-13 6.218073249944514919e-13 1.217307432519667332e+00 1.475598658706421019e-02 -5.716120428514005411e-03 3.459657151723524226e-14 -1.344518222565855084e-02 2.820640493553132951e-03 -8.326772541450776489e-15 4.000760115113814741e-02 -1.951429520889335842e-02 6.391024215347351935e-13 2.666472032946691148e-02 3.030181714799851100e-02 -1.202143054683830761e-12 -1.147057547178633909e-13 6.380453178769051243e-13 9.250694902348691184e-02 -7.672575283717844598e-14 2.699481567292514749e-13 -7.403736383344819427e-02
1.248343412391106355e-06 -7.939319930076347773e-06 0.000000000000000000e+00 7.688225891421857083e-02 7.622867192375928360e-06 0.000000000000000000e+00 1.319344381089529865e-06 -1.959471410122295976e-02 0.000000000000000000e+00 -7.763164148714410059e-06 -1.476652956003379931e-02 1.317346837169577926e-13 0.000000000000000000e+00 0.000000000000000000e+00 -1.960732954477693857e-02 0.000000000000000000e+00 1.317032359679923989e-13 1.475598658706421019e-02 -5.190286760206386241e-02 1.849279222352638911e-06 0.000000000000000000e+00 -8.312041276635595555e-02 -1.069668231829350033e-06 0.000000000000000000e+00 -6.404201437105229918e-06 -7.142393355391662979e-02 6.372070362554844272e-13 6.683066698406947365e-06 7.569274368918905982e-02 0.000000000000000000e+00 0.000000000000000000e+00 6.372050666546477563e-13 7.141276082714992368e-02 0.000000000000000000e+00 0.000000000000000000e+00 7.569971595025466737e-02
-7.939319930076347773e-06 -1.002791559775232516e-01 0.000000000000000000e+00 -7.763164148714410059e-06 -6.472091646526552389e-02 5.774726706595997462e-13 -1.959471410122295976e-02 -1.151009966504204507e-02 1.723581291776383109e-13 3.886582780005089222e-02 -5.719600756170382418e-03 -3.462702612028879137e-14 0.000000000000000000e+00 1.723604214915308021e-13 1.151763060621384914e-02 0.000000000000000000e+00 3.471129265176337269e-14 -5.716120428514005411e-03 1.849279222352638911e-06 7.816885217146352094e-01 0.000000000000000000e+00 1.241578225954670038e-05 1.700919675666484887e-01 -1.517355862091092214e-12 -7.142393355391662979e-02 -2.812138135324644336e-02 1.697965881801346099e-13 1.343831226200582069e-02 2.667089444610586113e-02 -7.676935488155563377e-14 6.372050666546477563e-13 -1.699502313586374104e-13 -2.809272619287866979e-02 -1.199419416307538074e-13 -7.660179658529437829e-14 -2.667892999889672975e-02
0.000000000000000000e+00 0.000000000000000000e+00 -1.002905639785772046e-01 0.000000000000000000e+00 5.773383193807651832e-13 6.471789186939058691e-02 0.000000000000000000e+00 1.723581291776383109e-13 1.152377008509985513e-02 0.000000000000000000e+00 3.466056387397502139e-14 -5.723315684846089213e-03 -1.960732954477693857e-02 1.151763060621384914e-02 -1.726046883236731946e-13 3.887540313357049082e-02 5.717247029675963030e-03 3.459657151723524226e-14 0.000000000000000000e+00 0.000000000000000000e+00 7.817775368495891719e-01 0.000000000000000000e+00 -1.517554097216407866e-12 -1.700858922346124569e-01 6.372070362554844272e-13 1.697965881801346099e-13 2.807578106287160480e-02 -1.198549573943270037e-13 7.662171798263000164e-14 2.667348911210829995e-02 7.141276082714992368e-02 -2.809272619287866979e-02 1.698469006180613929e-13 -1.344518222565855084e-02 2.666472032946691148e-02 -7.672575283717844598e-14
7.688225891421857083e-02 -7.763164148714410059e-06 0.000000000000000000e+00 -8.312041276635595555e-02 6.683066698406947365e-06 0.000000000000000000e+00 -7.763164148714410059e-06 3.886582780005089222e-02 0.000000000000000000e+00 1.241578225954670038e-05 1.343831226200582069e-02 -1.199419416307538074e-13 0.000000000000000000e+00 0.000000000000000000e+00 3.887540313357049082e-02 0.000000000000000000e+00 -1.198549573943270037e-13 -1.344518222565855084e-02 -8.312041276635595555e-02 1.241578225954670038e-05 0.000000000000000000e+00 1.282183230673505481e+00 -5.131508227340388876e-06 0.000000000000000000e+00 6.683066698406947365e-06 1.343831226200582069e-02 -1.198549573943270037e-13 -5.131508227340388876e-06 7.391164033478767048e-02 0.000000000000000000e+00 0.000000000000000000e+00 -1.199419416307538074e-13 -1.344518222565855084e-02 0.000000000000000000e+00 0.000000000000000000e+00 7.390984546277203082e-02
7.622867192375928360e-06 -6.472091646526552389e-02 5.773383193807651832e-13 6.683066698406947365e-06 -2.145392184537700531e-02 0.000000000000000000e+00 -1.476652956003379931e-02 -5.719600756170382418e-03 3.466056387397502139e-14 1.343831226200582069e-02 2.828359595125531228e-03 -8.153767029126378066e-15 1.317032359679923989e-13 3.471129265176337269e-14 5.717247029675963030e-03 -1.198549573943270037e-13 8.187636203075753437e-15 2.820640493553132951e-03 -1.069668231829350033e-06 1.700919675666484887e-01 -1.517554097216407866e-12 -5.131508227340388876e-06 1.678081257853831998e+00 0.000000000000000000e+00 7.569274368918905982e-02 2.667089444610586113e-02 7.662171798263000164e-14 7.391164033478767048e-02 -6.439529997078149992e-02 7.589334323617220999e-13 0.000000000000000000e+00 -7.660179658529437829e-14 2.666472032946691148e-02 0.000000000000000000e+00 7.590042071396507240e-13 6.436064530921337123e-02
0.000000000000000000e+00 5.774726706595997462e-13 6.471789186939058691e-02 0.000000000000000000e+00 0.000000000000000000e+00 -2.143288197205631129e-02 1.317346837169577926e-13 -3.462702612028879137e-14 -5.723315684846089213e-03 -1.199419416307538074e-13 -8.153767029126378066e-15 -2.824914742998344691e-03 1.475598658706421019e-02 -5.716120428514005411e-03 3.459657151723524226e-14 -1.344518222565855084e-02 2.820640493553132951e-03 -8.326772541450776489e-15 0.000000000000000000e+00 -1.517355862091092214e-12 -1.700858922346124569e-01 0.000000000000000000e+00 0.000000000000000000e+00 1.678218932311676959e+00 0.000000000000000000e+00 -7.676935488155563377e-14 2.667348911210829995e-02 0.000000000000000000e+00 7.589334323617220999e-13 6.435743747174457741e-02 7.569971595025466737e-02 -2.667892999889672975e-02 -7.672575283717844598e-14 7.390984546277203082e-02 6.436064530921337123e-02 -7.595718249264335401e-13
-1.063108120790586517e-09 -7.970662399206943083e-02 7.111075081172230700e-13 7.622867192375928360e-06 1.104695277653721941e-01 0.000000000000000000e+00 8.433253177493210684e-02 -2.858792887219019016e-02 1.729215227096915068e-13 -6.472091646526552389e-02 4.001963723804360246e-02 -1.149099215345363094e-13 -7.525215657312619151e-13 1.728516041805666055e-13 2.857892244653575942e-02 5.773383193807651832e-13 1.150391833416571065e-13 4.000760115113814741e-02 -6.404201437105229918e-06 -7.142393355391662979e-02 6.372070362554844272e-13 6.683066698406947365e-06 7.569274368918905982e-02 0.000000000000000000e+00 4.204128005651348587e-01 6.405101890226833072e-02 1.839324284122237941e-13 -2.145392184537700531e-02 -8.332034164139089094e-02 9.829008997442669928e-13 0.000000000000000000e+00 -1.840824957489843985e-13 6.401080135579292896e-02 0.000000000000000000e+00 9.825417379963773986e-13 8.329367559925837661e-02
-7.970662399206943083e-02 -3.166739979108105368e-02 1.912129677885017928e-13 -1.476652956003379931e-02 4.001963723804360246e-02 -1.150582402824109977e-13 -2.858792887219019016e-02 1.667918848602087944e-01 7.611344450701357781e-14 -5.719600756170382418e-03 9.252280473779980752e-02 -6.387676900231787406e-13 1.728516041805666055e-13 -1.640411763162968380e-12 -8.541156218991326210e-03 3.466056387397502139e-14 -6.383908371373393089e-13 -1.951429520889335842e-02 -7.142393355391662979e-02 -2.812138135324644336e-02 1.697965881801346099e-13 1.343831226200582069e-02 2.667089444610586113e-02 -7.676935488155563377e-14 6.405101890226833072e-02 1.217134085910197339e+00 -6.205491624791750188e-13 2.828359595125531228e-03 7.404378674776490588e-02 -1.201756021761454867e-12 -1.840824957489843985e-13 -6.219588580959006449e-13 -3.480430952039673120e-02 -8.153767029126378066e-15 2.698622157319898243e-13 -3.031736262681644992e-02
7.111075081172230700e-13 1.912129677885017928e-13 3.163367349557966862e-02 1.317032359679923989e-13 1.150391833416571065e-13 4.001497750258228847e-02 1.729215227096915068e-13 7.611344450701357781e-14 1.838988243872861916e-01 3.471129265176337269e-14 -6.383908371373393089e-13 -5.205760036235518307e-02 2.857892244653575942e-02 -8.541156218991326210e-03 -1.488532926538706181e-12 5.717247029675963030e-03 2.092824256200490063e-02 6.391024215347351935e-13 6.372070362554844272e-13 1.697965881801346099e-13 2.807578106287160480e-02 -1.198549573943270037e-13 7.662171798263000164e-14 2.667348911210829995e-02 1.839324284122237941e-13 -6.205491624791750188e-13 1.147560130070874651e+00 8.187636203075753437e-15 -6.604052299375768667e-13 -1.346903279191994929e-01 6.401080135579292896e-02 -3.480430952039673120e-02 6.218073249944514919e-13 2.820640493553132951e-03 3.030181714799851100e-02 2.699481567292514749e-13
7.622867192375928360e-06 -1.476652956003379931e-02 1.317032359679923989e-13 -1.069668231829350033e-06 7.569274368918905982e-02 0.000000000000000000e+00 -6.472091646526552389e-02 -5.719600756170382418e-03 3.471129265176337269e-14 1.700919675666484887e-01 2.667089444610586113e-02 -7.660179658529437829e-14 5.773383193807651832e-13 3.466056387397502139e-14 5.717247029675963030e-03 -1.517554097216407866e-12 7.662171798263000164e-14 2.666472032946691148e-02 6.683066698406947365e-06 1.343831226200582069e-02 -1.198549573943270037e-13 -5.131508227340388876e-06 7.391164033478767048e-02 0.000000000000000000e+00 -2.145392184537700531e-02 2.828359595125531228e-03 8.187636203075753437e-15 1.678081257853831998e+00 -6.439529997078149992e-02 7.590042071396507240e-13 0.000000000000000000e+00 -8.153767029126378066e-15 2.820640493553132951e-03 0.000000000000000000e+00 7.589334323617220999e-13 6.436064530921337123e-02
1.104695277653721941e-01 4.001963723804360246e-02 1.150391833416571065e-13 7.569274368918905982e-02 -8.332034164139089094e-02 9.825417379963773986e-13 4.001963723804360246e-02 9.252280473779980752e-02 -6.383908371373393089e-13 2.667089444610586113e-02 7.404378674776490588e-02 2.698622157319898243e-13 1.150391833416571065e-13 -6.383908371373393089e-13 2.092824256200490063e-02 7.662171798263000164e-14 -6.604052299375768667e-13 3.030181714799851100e-02 7.569274368918905982e-02 2.667089444610586113e-02 7.662171798263000164e-14 7.391164033478767048e-02 -6.439529997078149992e-02 7.589334323617220999e-13 -8.332034164139089094e-02 7.404378674776490588e-02 -6.604052299375768667e-13 -6.439529997078149992e-02 2.223423010112851372e+00 0.000000000000000000e+00 9.825417379963773986e-13 2.698622157319898243e-13 3.030181714799851100e-02 7.589334323617220999e-13 0.000000000000000000e+00 7.322031961951444567e-02
0.000000000000000000e+00 -1.150582402824109977e-13 4.001497750258228847e-02 0.000000000000000000e+00 9.825417379963773986e-13 8.329286456945800277e-02 -1.149099215345363094e-13 -6.387676900231787406e-13 -5.205760036235518307e-02 -7.660179658529437829e-14 2.698622157319898243e-13 1.346713254778924007e-01 4.000760115113814741e-02 -1.951429520889335842e-02 6.391024215347351935e-13 2.666472032946691148e-02 3.030181714799851100e-02 -1.202143054683830761e-12 0.000000000000000000e+00 -7.676935488155563377e-14 2.667348911210829995e-02 0.000000000000000000e+00 7.589334323617220999e-13 6.435743747174457741e-02 9.829008997442669928e-13 -1.201756021761454867e-12 -1.346903279191994929e-01 7.590042071396507240e-13 0.000000000000000000e+00 2.077040409733027726e+00 8.329367559925837661e-02 -3.031736262681644992e-02 2.699481567292514749e-13 6.436064530921337123e-02 7.322031961951444567e-02 1.040026403518984960e-15
0.000000000000000000e+00 7.110875001765756190e-13 7.970174350462225221e-02 0.000000000000000000e+00 0.000000000000000000e+00 1.104836699031160052e-01 -7.523199331720748477e-13 -1.730859018896353965e-13 -2.859452539402796908e-02 5.774726706595997462e-13 -1.150582402824109977e-13 -4.002527538554365161e-02 -8.433171764908931056e-02 -2.859670583614214168e-02 1.729883046615942964e-13 6.471789186939058691e-02 4.001497750258228847e-02 -1.147057547178633909e-13 0.000000000000000000e+00 6.372050666546477563e-13 7.141276082714992368e-02 0.000000000000000000e+00 0.000000000000000000e+00 7.569971595025466737e-02 0.000000000000000000e+00 -1.840824957489843985e-13 6.401080135579292896e-02 0.000000000000000000e+00 9.825417379963773986e-13 8.329367559925837661e-02 4.205658630200841408e-01 -6.402430831788166743e-02 -1.837368387524826125e-13 -2.143288197205631129e-02 8.329286456945800277e-02 -9.824828726188892318e-13
7.110875001765756190e-13 -1.911629819373911984e-13 -3.165134550480561137e-02 1.317346837169577926e-13 -1.149099215345363094e-13 -4.002527538554365161e-02 -1.730859018896353965e-13 -1.488285859464808919e-12 8.549596908226243797e-03 -3.462702612028879137e-14 -6.387676900231787406e-13 2.094085600289304072e-02 -2.859670583614214168e-02 -1.838879385470226502e-01 7.660205927934179170e-14 -5.723315684846089213e-03 -5.205760036235518307e-02 6.380453178769051243e-13 6.372050666546477563e-13 -1.699502313586374104e-13 -2.809272619287866979e-02 -1.199419416307538074e-13 -7.660179658529437829e-14 -2.667892999889672975e-02 -1.840824957489843985e-13 -6.219588580959006449e-13 -3.480430952039673120e-02 -8.153767029126378066e-15 2.698622157319898243e-13 -3.031736262681644992e-02 -6.402430831788166743e-02 1.147609943643186359e+00 6.207881592776480222e-13 -2.824914742998344691e-03 1.346713254778924007e-01 -6.595553897823329079e-13
7.970174350462225221e-02 -3.165134550480561137e-02 1.915203577967786008e-13 1.475598658706421019e-02 4.000760115113814741e-02 -1.147057547178633909e-13 -2.859452539402796908e-02 8.549596908226243797e-03 -1.640072163574285810e-12 -5.716120428514005411e-03 -1.951429520889335842e-02 6.380453178769051243e-13 1.729883046615942964e-13 7.660205927934179170e-14 -1.668055252184796611e-01 3.459657151723524226e-14 6.391024215347351935e-13 9.250694902348691184e-02 7.141276082714992368e-02 -2.809272619287866979e-02 1.698469006180613929e-13 -1.344518222565855084e-02 2.666472032946691148e-02 -7.672575283717844598e-14 6.401080135579292896e-02 -3.480430952039673120e-02 6.218073249944514919e-13 2.820640493553132951e-03 3.030181714799851100e-02 2.699481567292514749e-13 -1.837368387524826125e-13 6.207881592776480222e-13 1.217307432519667332e+00 -8.326772541450776489e-15 -1.202143054683830761e-12 -7.403736383344819427e-02
0.000000000000000000e+00 1.317346837169577926e-13 1.475598658706421019e-02 0.000000000000000000e+00 0.000000000000000000e+00 7.569971595025466737e-02 5.774726706595997462e-13 -3.462702612028879137e-14 -5.716120428514005411e-03 -1.517355862091092214e-12 -7.676935488155563377e-14 -2.667892999889672975e-02 6.471789186939058691e-02 -5.723315684846089213e-03 3.459657151723524226e-14 -1.700858922346124569e-01 2.667348911210829995e-02 -7.672575283717844598e-14 0.000000000000000000e+00 -1.199419416307538074e-13 -1.344518222565855084e-02 0.000000000000000000e+00 0.000000000000000000e+00 7.390984546277203082e-02 0.000000000000000000e+00 -8.153767029126378066e-15 2.820640493553132951e-03 0.000000000000000000e+00 7.589334323617220999e-13 6.436064530921337123e-02 -2.143288197205631129e-02 -2.824914742998344691e-03 -8.326772541450776489e-15 1.678218932311676959e+00 6.435743747174457741e-02 -7.595718249264335401e-13
0.000000000000000000e+00 -1.149099215345363094e-13 4.000760115113814741e-02 0.000000000000000000e+00 9.829008997442669928e-13 8.329367559925837661e-02 -1.150582402824109977e-13 -6.387676900231787406e-13 -1.951429520889335842e-02 -7.676935488155563377e-14 -1.201756021761454867e-12 -3.031736262681644992e-02 4.001497750258228847e-02 -5.205760036235518307e-02 6.391024215347351935e-13 2.667348911210829995e-02 -1.346903279191994929e-01 2.699481567292514749e-13 0.000000000000000000e+00 -7.660179658529437829e-14 2.666472032946691148e-02 0.000000000000000000e+00 7.590042071396507240e-13 6.436064530921337123e-02 9.825417379963773986e-13 2.698622157319898243e-13 3.030181714799851100e-02 7.589334323617220999e-13 0.000000000000000000e+00 7.322031961951444567e-02 8.329286456945800277e-02 1.346713254778924007e-01 -1.202143054683830761e-12 6.435743747174457741e-02 2.077040409733027726e+00 1.040026403518984960e-15
1.104836699031160052e-01 -4.002527538554365161e-02 -1.147057547178633909e-13 7.569971595025466737e-02 8.329367559925837661e-02 -9.824828726188892318e-13 -4.002527538554365161e-02 2.094085600289304072e-02 6.380453178769051243e-13 -2.667892999889672975e-02 -3.031736262681644992e-02 -6.595553897823329079e-13 -1.147057547178633909e-13 6.380453178769051243e-13 9.250694902348691184e-02 -7.672575283717844598e-14 2.699481567292514749e-13 -7.403736383344819427e-02 7.569971595025466737e-02 -2.667892999889672975e-02 -7.672575283717844598e-14 7.390984546277203082e-02 6.436064530921337123e-02 -7.595718249264335401e-13 8.329367559925837661e-02 -3.031736262681644992e-02 2.699481567292514749e-13 6.436064530921337123e-02 7.322031961951444567e-02 1.040026403518984960e-15 -9.824828726188892318e-13 -6.595553897823329079e-13 -7.403736383344819427e-02 -7.595718249264335401e-13 1.040026403518984960e-15 2.223681251330927644e+00
