-1.267573929459498983e+00 -1.394548988731204777e-09 0.000000000000000000e+00 1.248308905410500103e-06 -1.063096086280303134e-09 1.258691979464487086e-15 -1.394548988731204777e-09 8.561326257606305390e-02 0.000000000000000000e+00 -7.939319919115497490e-06 -7.970662399049116553e-02 -4.583349585450328653e-13 0.000000000000000000e+00 0.000000000000000000e+00 8.559533012261703877e-02 0.000000000000000000e+00 4.585473131368682484e-13 -7.970174350305012090e-02 1.248308905410500103e-06 -7.939319919115497490e-06 0.000000000000000000e+00 7.688225891840749782e-02 7.622867188248079310e-06 0.000000000000000000e+00 -1.063096086280303134e-09 -7.970662399049116553e-02 4.585473131368682484e-13 7.622867188248079310e-06 1.104695277577286000e-01 0.000000000000000000e+00 1.258691979464487086e-15 -4.583349585450328653e-13 -7.970174350305012090e-02 0.000000000000000000e+00 0.000000000000000000e+00 1.104836698954848040e-01
-1.394548988731204777e-09 -5.554374343401657921e-01 1.380017720781395032e-15 1.319344348229310192e-06 8.433253175478269692e-02 4.854714307274613319e-13 8.561326257606305390e-02 3.353108677816029476e-02 -8.074501080281327876e-13 -1.959471409797233082e-02 -2.858792887373897904e-02 5.245110314022702417e-13 0.000000000000000000e+00 -8.072878310408254368e-13 -3.349963875754256165e-02 0.000000000000000000e+00 5.244312701432933942e-13 2.859452539557745879e-02 -7.939319919115497490e-06 -1.002791560081056771e-01 0.000000000000000000e+00 -7.763164143181943214e-06 -6.472091646932238984e-02 -3.720875435288706799e-13 -7.970662399049116553e-02 -3.166739979149922612e-02 5.809941097398603417e-13 -1.476652956467204916e-02 4.001963723791462230e-02 -5.038403116226758850e-13 -4.583349585450328653e-13 5.817660377082800682e-13 3.165134550521241791e-02 -8.480642595714200124e-14 -5.037486207397847402e-13 -4.002527538542698798e-02
0.000000000000000000e+00 1.380017720781395032e-15 -5.553686505419237474e-01 0.000000000000000000e+00 -4.849223103484972084e-13 8.433171762896110590e-02 0.000000000000000000e+00 -8.074501080281327876e-13 -3.348938564606787627e-02 0.000000000000000000e+00 5.245989623816174621e-13 2.859670583768973012e-02 8.559533012261703877e-02 -3.349963875754256165e-02 8.074685419332002319e-13 -1.960732954153934088e-02 2.857892244807890003e-02 -5.246308961551999617e-13 0.000000000000000000e+00 0.000000000000000000e+00 -1.002905640091734385e-01 0.000000000000000000e+00 3.722940891206267144e-13 -6.471789187343653105e-02 4.585473131368682484e-13 5.809941097398603417e-13 3.163367349597940442e-02 8.497856402848819161e-14 -5.041269597279312247e-13 -4.001497750246923307e-02 -7.970174350305012090e-02 3.165134550521241791e-02 -5.798579829068826123e-13 -1.475598659169034994e-02 -4.000760115101967967e-02 5.040386626907405350e-13
1.248308905410500103e-06 1.319344348229310192e-06 0.000000000000000000e+00 -5.190286759787432480e-02 -6.404201466251769159e-06 0.000000000000000000e+00 -7.939319919115497490e-06 -1.959471409797233082e-02 0.000000000000000000e+00 1.849279205501697695e-06 -7.142393355855573833e-02 -4.106137054746021086e-13 0.000000000000000000e+00 0.000000000000000000e+00 -1.960732954153934088e-02 0.000000000000000000e+00 4.109448367848134824e-13 -7.141276083177509892e-02 7.688225891840749782e-02 -7.763164143181943214e-06 0.000000000000000000e+00 -8.312041279609772015e-02 6.683066678829507890e-06 0.000000000000000000e+00 7.622867188248079310e-06 -1.476652956467204916e-02 8.497856402848819161e-14 -1.069668250765289954e-06 7.569274368805001263e-02 0.000000000000000000e+00 0.000000000000000000e+00 -8.480642595714200124e-14 -1.475598659169034994e-02 1.258691979464487086e-15 0.000000000000000000e+00 7.569971594910325507e-02
-1.063096086280303134e-09 8.433253175478269692e-02 -4.849223103484972084e-13 -6.404201466251769159e-06 4.204128005702572057e-01 0.000000000000000000e+00 -7.970662399049116553e-02 -2.858792887373897904e-02 5.245989623816174621e-13 -7.142393355855573833e-02 6.405101890278444565e-02 -8.063360118859490514e-13 4.585473131368682484e-13 5.244312701432933942e-13 2.857892244807890003e-02 4.109448367848134824e-13 -8.065934419942126872e-13 -6.401080135635410506e-02 7.622867188248079310e-06 -6.472091646932238984e-02 3.722940891206267144e-13 6.683066678829507890e-06 -2.145392188016359558e-02 0.000000000000000000e+00 1.104695277577286000e-01 4.001963723791462230e-02 -5.041269597279312247e-13 7.569274368805001263e-02 -8.332034163629491175e-02 5.702200391772478234e-13 0.000000000000000000e+00 -5.037486207397847402e-13 -4.000760115101967967e-02 0.000000000000000000e+00 5.709562553424891461e-13 8.329367559419073586e-02
1.258691979464487086e-15 4.854714307274613319e-13 8.433171762896110590e-02 0.000000000000000000e+00 0.000000000000000000e+00 4.205658630252122610e-01 -4.583349585450328653e-13 5.245110314022702417e-13 2.859670583768973012e-02 -4.106137054746021086e-13 -8.063360118859490514e-13 -6.402430831846363246e-02 -7.970174350305012090e-02 2.859452539557745879e-02 -5.246308961551999617e-13 -7.141276083177509892e-02 -6.401080135635410506e-02 8.064934377736308770e-13 0.000000000000000000e+00 -3.720875435288706799e-13 -6.471789187343653105e-02 0.000000000000000000e+00 0.000000000000000000e+00 -2.143288200685858347e-02 0.000000000000000000e+00 -5.038403116226758850e-13 -4.001497750246923307e-02 0.000000000000000000e+00 5.702200391772478234e-13 8.329286456438347863e-02 1.104836698954848040e-01 -4.002527538542698798e-02 5.040386626907405350e-13 7.569971594910325507e-02 8.329367559419073586e-02 -5.697619700167248346e-13
-1.394548988731204777e-09 8.561326257606305390e-02 0.000000000000000000e+00 -7.939319919115497490e-06 -7.970662399049116553e-02 -4.583349585450328653e-13 -5.554374343401657921e-01 3.353108677816029476e-02 -8.072878310408254368e-13 -1.002791560081056771e-01 -3.166739979149922612e-02 5.817660377082800682e-13 1.380017720781395032e-15 -8.074501080281327876e-13 -3.349963875754256165e-02 0.000000000000000000e+00 5.809941097398603417e-13 3.165134550521241791e-02 1.319344348229310192e-06 -1.959471409797233082e-02 0.000000000000000000e+00 -7.763164143181943214e-06 -1.476652956467204916e-02 -8.480642595714200124e-14 8.433253175478269692e-02 -2.858792887373897904e-02 5.244312701432933942e-13 -6.472091646932238984e-02 4.001963723791462230e-02 -5.037486207397847402e-13 4.854714307274613319e-13 5.245110314022702417e-13 2.859452539557745879e-02 -3.720875435288706799e-13 -5.038403116226758850e-13 -4.002527538542698798e-02
8.561326257606305390e-02 3.353108677816029476e-02 -8.074501080281327876e-13 -1.959471409797233082e-02 -2.858792887373897904e-02 5.245110314022702417e-13 3.353108677816029476e-02 3.403201945697857944e-01 1.380017720781395032e-15 -1.151009966329595048e-02 1.667918848347292315e-01 9.589262957309492517e-13 -8.074501080281327876e-13 1.380017720781395032e-15 3.227085039520782850e-02 2.776955384514701208e-13 4.962883721047455836e-14 -8.549596909257627109e-03 -1.959471409797233082e-02 -1.151009966329595048e-02 2.776955384514701208e-13 3.886582779841805252e-02 -5.719600757883275266e-03 1.048562039501641946e-13 -2.858792887373897904e-02 1.667918848347292315e-01 4.962883721047455836e-14 -5.719600757883275266e-03 9.252280474225003937e-02 4.110310064711730120e-13 5.245110314022702417e-13 9.589262957309492517e-13 -8.549596909257627109e-03 1.048562039501641946e-13 4.110310064711730120e-13 2.094085600393756977e-02
0.000000000000000000e+00 -8.074501080281327876e-13 -3.348938564606787627e-02 0.000000000000000000e+00 5.245989623816174621e-13 2.859670583768973012e-02 -8.072878310408254368e-13 1.380017720781395032e-15 2.758350775473303873e-01 2.776140529979686886e-13 -1.057362899744599613e-12 1.838879385236351915e-01 -3.349963875754256165e-02 3.227085039520782850e-02 1.380017720781395032e-15 1.151763060442190061e-02 -8.541156220019614775e-03 -4.884516751274523173e-14 0.000000000000000000e+00 2.776955384514701208e-13 1.152377008326097019e-02 0.000000000000000000e+00 1.050786689465767983e-13 5.723315686544404313e-03 5.244312701432933942e-13 4.962883721047455836e-14 1.838988243638756959e-01 1.047927994817228044e-13 -4.119893361164374982e-13 5.205760036471541313e-02 2.859452539557745879e-02 -8.549596909257627109e-03 1.057636677886506346e-12 5.716120430214170593e-03 1.951429520993666969e-02 4.115799974989853888e-13
-7.939319919115497490e-06 -1.959471409797233082e-02 0.000000000000000000e+00 1.849279205501697695e-06 -7.142393355855573833e-02 -4.106137054746021086e-13 -1.002791560081056771e-01 -1.151009966329595048e-02 2.776140529979686886e-13 7.816885217014228893e-01 -2.812138135563478289e-02 5.152469911606915656e-13 0.000000000000000000e+00 2.776955384514701208e-13 1.151763060442190061e-02 1.380017720781395032e-15 5.155194528689829515e-13 2.809272619522456063e-02 -7.763164143181943214e-06 3.886582779841805252e-02 0.000000000000000000e+00 1.241578221616039549e-05 1.343831225898861961e-02 7.732035092098829645e-14 -6.472091646932238984e-02 -5.719600757883275266e-03 1.047927994817228044e-13 1.700919675418742227e-01 2.667089444786035005e-02 -3.361728686074718029e-13 -3.720875435288706799e-13 1.048562039501641946e-13 5.716120430214170593e-03 9.786625038023198841e-13 -3.358574918524425876e-13 -2.667893000063656025e-02
-7.970662399049116553e-02 -2.858792887373897904e-02 5.245989623816174621e-13 -7.142393355855573833e-02 6.405101890278444565e-02 -8.063360118859490514e-13 -3.166739979149922612e-02 1.667918848347292315e-01 -1.057362899744599613e-12 -2.812138135563478289e-02 1.217134085914648001e+00 3.994253925542419762e-13 5.809941097398603417e-13 4.962883721047455836e-14 -8.541156220019614775e-03 5.155194528689829515e-13 -3.995899605709374101e-13 3.480430952143972329e-02 -1.476652956467204916e-02 -5.719600757883275266e-03 1.050786689465767983e-13 1.343831225898861961e-02 2.828359597980686577e-03 -3.579299649412656282e-14 4.001963723791462230e-02 9.252280474225003937e-02 -4.119893361164374982e-13 2.667089444786035005e-02 7.404378672806669059e-02 -1.747600738727332886e-13 -5.038403116226758850e-13 4.110310064711730120e-13 1.951429520993666969e-02 -3.358574918524425876e-13 7.744697748789561751e-13 -3.031736262677224916e-02
-4.583349585450328653e-13 5.245110314022702417e-13 2.859670583768973012e-02 -4.106137054746021086e-13 -8.063360118859490514e-13 -6.402430831846363246e-02 5.817660377082800682e-13 9.589262957309492517e-13 1.838879385236351915e-01 5.152469911606915656e-13 3.994253925542419762e-13 1.147609943645532260e+00 3.165134550521241791e-02 -8.549596909257627109e-03 -4.884516751274523173e-14 2.809272619522456063e-02 3.480430952143972329e-02 4.022624647324964580e-13 -8.480642595714200124e-14 1.048562039501641946e-13 5.723315686544404313e-03 7.732035092098829645e-14 -3.579299649412656282e-14 -2.824914745922649587e-03 -5.037486207397847402e-13 4.110310064711730120e-13 5.205760036471541313e-02 -3.361728686074718029e-13 -1.747600738727332886e-13 1.346713254580868824e-01 -4.002527538542698798e-02 2.094085600393756977e-02 4.115799974989853888e-13 -2.667893000063656025e-02 -3.031736262677224916e-02 4.274091918064759737e-13
0.000000000000000000e+00 0.000000000000000000e+00 8.559533012261703877e-02 0.000000000000000000e+00 4.585473131368682484e-13 -7.970174350305012090e-02 1.380017720781395032e-15 -8.074501080281327876e-13 -3.349963875754256165e-02 0.000000000000000000e+00 5.809941097398603417e-13 3.165134550521241791e-02 -5.553686505419237474e-01 -3.348938564606787627e-02 8.074685419332002319e-13 -1.002905640091734385e-01 3.163367349597940442e-02 -5.798579829068826123e-13 0.000000000000000000e+00 0.000000000000000000e+00 -1.960732954153934088e-02 0.000000000000000000e+00 8.497856402848819161e-14 -1.475598659169034994e-02 -4.849223103484972084e-13 5.245989623816174621e-13 2.857892244807890003e-02 3.722940891206267144e-13 -5.041269597279312247e-13 -4.000760115101967967e-02 8.433171762896110590e-02 2.859670583768973012e-02 -5.246308961551999617e-13 -6.471789187343653105e-02 -4.001497750246923307e-02 5.040386626907405350e-13
0.000000000000000000e+00 -8.072878310408254368e-13 -3.349963875754256165e-02 0.000000000000000000e+00 5.244312701432933942e-13 2.859452539557745879e-02 -8.074501080281327876e-13 1.380017720781395032e-15 3.227085039520782850e-02 2.776955384514701208e-13 4.962883721047455836e-14 -8.549596909257627109e-03 -3.348938564606787627e-02 2.758350775473303873e-01 1.380017720781395032e-15 1.152377008326097019e-02 1.838988243638756959e-01 1.057636677886506346e-12 0.000000000000000000e+00 2.776140529979686886e-13 1.151763060442190061e-02 0.000000000000000000e+00 1.047927994817228044e-13 5.716120430214170593e-03 5.245989623816174621e-13 -1.057362899744599613e-12 -8.541156220019614775e-03 1.050786689465767983e-13 -4.119893361164374982e-13 1.951429520993666969e-02 2.859670583768973012e-02 1.838879385236351915e-01 -4.884516751274523173e-14 5.723315686544404313e-03 5.205760036471541313e-02 4.115799974989853888e-13
8.559533012261703877e-02 -3.349963875754256165e-02 8.074685419332002319e-13 -1.960732954153934088e-02 2.857892244807890003e-02 -5.246308961551999617e-13 -3.349963875754256165e-02 3.227085039520782850e-02 1.380017720781395032e-15 1.151763060442190061e-02 -8.541156220019614775e-03 -4.884516751274523173e-14 8.074685419332002319e-13 1.380017720781395032e-15 3.404693929704554201e-01 -2.774964257981416810e-13 -9.591821693560022892e-13 1.668055251930343763e-01 -1.960732954153934088e-02 1.151763060442190061e-02 -2.774964257981416810e-13 3.887540313193835195e-02 5.717247031380395632e-03 -1.049156154394743945e-13 2.857892244807890003e-02 -8.541156220019614775e-03 -9.591821693560022892e-13 5.717247031380395632e-03 2.092824256304788924e-02 -4.115126628558144896e-13 -5.246308961551999617e-13 -4.884516751274523173e-14 1.668055251930343763e-01 -1.049156154394743945e-13 -4.115126628558144896e-13 9.250694902793332730e-02
0.000000000000000000e+00 0.000000000000000000e+00 -1.960732954153934088e-02 0.000000000000000000e+00 4.109448367848134824e-13 -7.141276083177509892e-02 0.000000000000000000e+00 2.776955384514701208e-13 1.151763060442190061e-02 1.380017720781395032e-15 5.155194528689829515e-13 2.809272619522456063e-02 -1.002905640091734385e-01 1.152377008326097019e-02 -2.774964257981416810e-13 7.817775368363788502e-01 2.807578106520351030e-02 -5.161023382123605607e-13 0.000000000000000000e+00 0.000000000000000000e+00 3.887540313193835195e-02 0.000000000000000000e+00 -7.731353987891055238e-14 1.344518222265195066e-02 3.722940891206267144e-13 1.050786689465767983e-13 5.717247031380395632e-03 -9.784427374300066908e-13 -3.362376652838537866e-13 -2.666472033120092025e-02 -6.471789187343653105e-02 5.723315686544404313e-03 -1.049156154394743945e-13 1.700858922098735793e-01 -2.667348911384289853e-02 3.353621531301919192e-13
4.585473131368682484e-13 5.244312701432933942e-13 2.857892244807890003e-02 4.109448367848134824e-13 -8.065934419942126872e-13 -6.401080135635410506e-02 5.809941097398603417e-13 4.962883721047455836e-14 -8.541156220019614775e-03 5.155194528689829515e-13 -3.995899605709374101e-13 3.480430952143972329e-02 3.163367349597940442e-02 1.838988243638756959e-01 -9.591821693560022892e-13 2.807578106520351030e-02 1.147560130073246754e+00 -4.006813167231124214e-13 8.497856402848819161e-14 1.047927994817228044e-13 5.717247031380395632e-03 -7.731353987891055238e-14 -3.536949098521118851e-14 -2.820640496428620993e-03 -5.041269597279312247e-13 -4.119893361164374982e-13 2.092824256304788924e-02 -3.362376652838537866e-13 -4.258462600994199908e-13 -3.030181714795176021e-02 -4.001497750246923307e-02 5.205760036471541313e-02 -4.115126628558144896e-13 -2.667348911384289853e-02 1.346903278994189823e-01 1.740759993182851007e-13
-7.970174350305012090e-02 2.859452539557745879e-02 -5.246308961551999617e-13 -7.141276083177509892e-02 -6.401080135635410506e-02 8.064934377736308770e-13 3.165134550521241791e-02 -8.549596909257627109e-03 -4.884516751274523173e-14 2.809272619522456063e-02 3.480430952143972329e-02 4.022624647324964580e-13 -5.798579829068826123e-13 1.057636677886506346e-12 1.668055251930343763e-01 -5.161023382123605607e-13 -4.006813167231124214e-13 1.217307432524113775e+00 -1.475598659169034994e-02 5.716120430214170593e-03 -1.049156154394743945e-13 1.344518222265195066e-02 -2.820640496428620993e-03 3.542772975724402169e-14 -4.000760115101967967e-02 1.951429520993666969e-02 -4.115126628558144896e-13 -2.666472033120092025e-02 -3.030181714795176021e-02 -7.742934713144343910e-13 5.040386626907405350e-13 4.115799974989853888e-13 9.250694902793332730e-02 3.353621531301919192e-13 1.740759993182851007e-13 7.403736381376629927e-02
1.248308905410500103e-06 -7.939319919115497490e-06 0.000000000000000000e+00 7.688225891840749782e-02 7.622867188248079310e-06 0.000000000000000000e+00 1.319344348229310192e-06 -1.959471409797233082e-02 0.000000000000000000e+00 -7.763164143181943214e-06 -1.476652956467204916e-02 -8.480642595714200124e-14 0.000000000000000000e+00 0.000000000000000000e+00 -1.960732954153934088e-02 0.000000000000000000e+00 8.497856402848819161e-14 -1.475598659169034994e-02 -5.190286759787432480e-02 1.849279205501697695e-06 0.000000000000000000e+00 -8.312041279609772015e-02 -1.069668250765289954e-06 1.258691979464487086e-15 -6.404201466251769159e-06 -7.142393355855573833e-02 4.109448367848134824e-13 6.683066678829507890e-06 7.569274368805001263e-02 0.000000000000000000e+00 0.000000000000000000e+00 -4.106137054746021086e-13 -7.141276083177509892e-02 0.000000000000000000e+00 0.000000000000000000e+00 7.569971594910325507e-02
-7.939319919115497490e-06 -1.002791560081056771e-01 0.000000000000000000e+00 -7.763164143181943214e-06 -6.472091646932238984e-02 -3.720875435288706799e-13 -1.959471409797233082e-02 -1.151009966329595048e-02 2.776955384514701208e-13 3.886582779841805252e-02 -5.719600757883275266e-03 1.048562039501641946e-13 0.000000000000000000e+00 2.776140529979686886e-13 1.151763060442190061e-02 0.000000000000000000e+00 1.047927994817228044e-13 5.716120430214170593e-03 1.849279205501697695e-06 7.816885217014228893e-01 1.380017720781395032e-15 1.241578221616039549e-05 1.700919675418742227e-01 9.786625038023198841e-13 -7.142393355855573833e-02 -2.812138135563478289e-02 5.155194528689829515e-13 1.343831225898861961e-02 2.667089444786035005e-02 -3.358574918524425876e-13 -4.106137054746021086e-13 5.152469911606915656e-13 2.809272619522456063e-02 7.732035092098829645e-14 -3.361728686074718029e-13 -2.667893000063656025e-02
0.000000000000000000e+00 0.000000000000000000e+00 -1.002905640091734385e-01 0.000000000000000000e+00 3.722940891206267144e-13 -6.471789187343653105e-02 0.000000000000000000e+00 2.776955384514701208e-13 1.152377008326097019e-02 0.000000000000000000e+00 1.050786689465767983e-13 5.723315686544404313e-03 -1.960732954153934088e-02 1.151763060442190061e-02 -2.774964257981416810e-13 3.887540313193835195e-02 5.717247031380395632e-03 -1.049156154394743945e-13 0.000000000000000000e+00 1.380017720781395032e-15 7.817775368363788502e-01 0.000000000000000000e+00 -9.784427374300066908e-13 1.700858922098735793e-01 4.109448367848134824e-13 5.155194528689829515e-13 2.807578106520351030e-02 -7.731353987891055238e-14 -3.362376652838537866e-13 -2.667348911384289853e-02 -7.141276083177509892e-02 2.809272619522456063e-02 -5.161023382123605607e-13 1.344518222265195066e-02 -2.666472033120092025e-02 3.353621531301919192e-13
7.688225891840749782e-02 -7.763164143181943214e-06 0.000000000000000000e+00 -8.312041279609772015e-02 6.683066678829507890e-06 0.000000000000000000e+00 -7.763164143181943214e-06 3.886582779841805252e-02 0.000000000000000000e+00 1.241578221616039549e-05 1.343831225898861961e-02 7.732035092098829645e-14 0.000000000000000000e+00 0.000000000000000000e+00 3.887540313193835195e-02 0.000000000000000000e+00 -7.731353987891055238e-14 1.344518222265195066e-02 -8.312041279609772015e-02 1.241578221616039549e-05 0.000000000000000000e+00 1.282183230665128182e+00 -5.131508261321168763e-06 0.000000000000000000e+00 6.683066678829507890e-06 1.343831225898861961e-02 -7.731353987891055238e-14 -5.131508261321168763e-06 7.391164033926092558e-02 0.000000000000000000e+00 0.000000000000000000e+00 7.732035092098829645e-14 1.344518222265195066e-02 0.000000000000000000e+00 0.000000000000000000e+00 7.390984546721725279e-02
7.622867188248079310e-06 -6.472091646932238984e-02 3.722940891206267144e-13 6.683066678829507890e-06 -2.145392188016359558e-02 0.000000000000000000e+00 -1.476652956467204916e-02 -5.719600757883275266e-03 1.050786689465767983e-13 1.343831225898861961e-02 2.828359597980686577e-03 -3.579299649412656282e-14 8.497856402848819161e-14 1.047927994817228044e-13 5.717247031380395632e-03 -7.731353987891055238e-14 -3.536949098521118851e-14 -2.820640496428620993e-03 -1.069668250765289954e-06 1.700919675418742227e-01 -9.784427374300066908e-13 -5.131508261321168763e-06 1.678081257860923436e+00 0.000000000000000000e+00 7.569274368805001263e-02 2.667089444786035005e-02 -3.362376652838537866e-13 7.391164033926092558e-02 -6.439529997156297203e-02 4.404073497391615120e-13 0.000000000000000000e+00 -3.361728686074718029e-13 -2.666472033120092025e-02 0.000000000000000000e+00 4.399147693613572222e-13 6.436064530996303545e-02
0.000000000000000000e+00 -3.720875435288706799e-13 -6.471789187343653105e-02 0.000000000000000000e+00 0.000000000000000000e+00 -2.143288200685858347e-02 -8.480642595714200124e-14 1.048562039501641946e-13 5.723315686544404313e-03 7.732035092098829645e-14 -3.579299649412656282e-14 -2.824914745922649587e-03 -1.475598659169034994e-02 5.716120430214170593e-03 -1.049156154394743945e-13 1.344518222265195066e-02 -2.820640496428620993e-03 3.542772975724402169e-14 1.258691979464487086e-15 9.786625038023198841e-13 1.700858922098735793e-01 0.000000000000000000e+00 0.000000000000000000e+00 1.678218932318737533e+00 0.000000000000000000e+00 -3.358574918524425876e-13 -2.667348911384289853e-02 0.000000000000000000e+00 4.404073497391615120e-13 6.435743747247070490e-02 7.569971594910325507e-02 -2.667893000063656025e-02 3.353621531301919192e-13 7.390984546721725279e-02 6.436064530996303545e-02 -4.411938044135479051e-13
-1.063096086280303134e-09 -7.970662399049116553e-02 4.585473131368682484e-13 7.622867188248079310e-06 1.104695277577286000e-01 0.000000000000000000e+00 8.433253175478269692e-02 -2.858792887373897904e-02 5.244312701432933942e-13 -6.472091646932238984e-02 4.001963723791462230e-02 -5.037486207397847402e-13 -4.849223103484972084e-13 5.245989623816174621e-13 2.857892244807890003e-02 3.722940891206267144e-13 -5.041269597279312247e-13 -4.000760115101967967e-02 -6.404201466251769159e-06 -7.142393355855573833e-02 4.109448367848134824e-13 6.683066678829507890e-06 7.569274368805001263e-02 0.000000000000000000e+00 4.204128005702572057e-01 6.405101890278444565e-02 -8.065934419942126872e-13 -2.145392188016359558e-02 -8.332034163629491175e-02 5.709562553424891461e-13 0.000000000000000000e+00 -8.063360118859490514e-13 -6.401080135635410506e-02 0.000000000000000000e+00 5.702200391772478234e-13 8.329367559419073586e-02
-7.970662399049116553e-02 -3.166739979149922612e-02 5.809941097398603417e-13 -1.476652956467204916e-02 4.001963723791462230e-02 -5.038403116226758850e-13 -2.858792887373897904e-02 1.667918848347292315e-01 4.962883721047455836e-14 -5.719600757883275266e-03 9.252280474225003937e-02 4.110310064711730120e-13 5.245989623816174621e-13 -1.057362899744599613e-12 -8.541156220019614775e-03 1.050786689465767983e-13 -4.119893361164374982e-13 1.951429520993666969e-02 -7.142393355855573833e-02 -2.812138135563478289e-02 5.155194528689829515e-13 1.343831225898861961e-02 2.667089444786035005e-02 -3.358574918524425876e-13 6.405101890278444565e-02 1.217134085914648001e+00 -3.995899605709374101e-13 2.828359597980686577e-03 7.404378672806669059e-02 7.744697748789561751e-13 -8.063360118859490514e-13 3.994253925542419762e-13 3.480430952143972329e-02 -3.579299649412656282e-14 -1.747600738727332886e-13 -3.031736262677224916e-02
4.585473131368682484e-13 5.809941097398603417e-13 3.163367349597940442e-02 8.497856402848819161e-14 -5.041269597279312247e-13 -4.001497750246923307e-02 5.244312701432933942e-13 4.962883721047455836e-14 1.838988243638756959e-01 1.047927994817228044e-13 -4.119893361164374982e-13 5.205760036471541313e-02 2.857892244807890003e-02 -8.541156220019614775e-03 -9.591821693560022892e-13 5.717247031380395632e-03 2.092824256304788924e-02 -4.115126628558144896e-13 4.109448367848134824e-13 5.155194528689829515e-13 2.807578106520351030e-02 -7.731353987891055238e-14 -3.362376652838537866e-13 -2.667348911384289853e-02 -8.065934419942126872e-13 -3.995899605709374101e-13 1.147560130073246754e+00 -3.536949098521118851e-14 -4.258462600994199908e-13 1.346903278994189823e-01 -6.401080135635410506e-02 3.480430952143972329e-02 -4.006813167231124214e-13 -2.820640496428620993e-03 -3.030181714795176021e-02 1.740759993182851007e-13
7.622867188248079310e-06 -1.476652956467204916e-02 8.497856402848819161e-14 -1.069668250765289954e-06 7.569274368805001263e-02 0.000000000000000000e+00 -6.472091646932238984e-02 -5.719600757883275266e-03 1.047927994817228044e-13 1.700919675418742227e-01 2.667089444786035005e-02 -3.361728686074718029e-13 3.722940891206267144e-13 1.050786689465767983e-13 5.717247031380395632e-03 -9.784427374300066908e-13 -3.362376652838537866e-13 -2.666472033120092025e-02 6.683066678829507890e-06 1.343831225898861961e-02 -7.731353987891055238e-14 -5.131508261321168763e-06 7.391164033926092558e-02 0.000000000000000000e+00 -2.145392188016359558e-02 2.828359597980686577e-03 -3.536949098521118851e-14 1.678081257860923436e+00 -6.439529997156297203e-02 4.399147693613572222e-13 0.000000000000000000e+00 -3.579299649412656282e-14 -2.820640496428620993e-03 0.000000000000000000e+00 4.404073497391615120e-13 6.436064530996303545e-02
1.104695277577286000e-01 4.001963723791462230e-02 -5.041269597279312247e-13 7.569274368805001263e-02 -8.332034163629491175e-02 5.702200391772478234e-13 4.001963723791462230e-02 9.252280474225003937e-02 -4.119893361164374982e-13 2.667089444786035005e-02 7.404378672806669059e-02 -1.747600738727332886e-13 -5.041269597279312247e-13 -4.119893361164374982e-13 2.092824256304788924e-02 -3.362376652838537866e-13 -4.258462600994199908e-13 -3.030181714795176021e-02 7.569274368805001263e-02 2.667089444786035005e-02 -3.362376652838537866e-13 7.391164033926092558e-02 -6.439529997156297203e-02 4.404073497391615120e-13 -8.332034163629491175e-02 7.404378672806669059e-02 -4.258462600994199908e-13 -6.439529997156297203e-02 2.223423010119937704e+00 0.000000000000000000e+00 5.702200391772478234e-13 -1.747600738727332886e-13 -3.030181714795176021e-02 4.404073497391615120e-13 0.000000000000000000e+00 7.322031961661562560e-02
0.000000000000000000e+00 -5.038403116226758850e-13 -4.001497750246923307e-02 0.000000000000000000e+00 5.702200391772478234e-13 8.329286456438347863e-02 -5.037486207397847402e-13 4.110310064711730120e-13 5.205760036471541313e-02 -3.361728686074718029e-13 -1.747600738727332886e-13 1.346713254580868824e-01 -4.000760115101967967e-02 1.951429520993666969e-02 -4.115126628558144896e-13 -2.666472033120092025e-02 -3.030181714795176021e-02 -7.742934713144343910e-13 0.000000000000000000e+00 -3.358574918524425876e-13 -2.667348911384289853e-02 0.000000000000000000e+00 4.404073497391615120e-13 6.435743747247070490e-02 5.709562553424891461e-13 7.744697748789561751e-13 1.346903278994189823e-01 4.399147693613572222e-13 0.000000000000000000e+00 2.077040409745954719e+00 8.329367559419073586e-02 -3.031736262677224916e-02 1.740759993182851007e-13 6.436064530996303545e-02 7.322031961661562560e-02 0.000000000000000000e+00
1.258691979464487086e-15 -4.583349585450328653e-13 -7.970174350305012090e-02 0.000000000000000000e+00 0.000000000000000000e+00 1.104836698954848040e-01 4.854714307274613319e-13 5.245110314022702417e-13 2.859452539557745879e-02 -3.720875435288706799e-13 -5.038403116226758850e-13 -4.002527538542698798e-02 8.433171762896110590e-02 2.859670583768973012e-02 -5.246308961551999617e-13 -6.471789187343653105e-02 -4.001497750246923307e-02 5.040386626907405350e-13 0.000000000000000000e+00 -4.106137054746021086e-13 -7.141276083177509892e-02 0.000000000000000000e+00 0.000000000000000000e+00 7.569971594910325507e-02 0.000000000000000000e+00 -8.063360118859490514e-13 -6.401080135635410506e-02 0.000000000000000000e+00 5.702200391772478234e-13 8.329367559419073586e-02 4.205658630252122610e-01 -6.402430831846363246e-02 8.064934377736308770e-13 -2.143288200685858347e-02 8.329286456438347863e-02 -5.697619700167248346e-13
-4.583349585450328653e-13 5.817660377082800682e-13 3.165134550521241791e-02 -8.480642595714200124e-14 -5.037486207397847402e-13 -4.002527538542698798e-02 5.245110314022702417e-13 9.589262957309492517e-13 -8.549596909257627109e-03 1.048562039501641946e-13 4.110310064711730120e-13 2.094085600393756977e-02 2.859670583768973012e-02 1.838879385236351915e-01 -4.884516751274523173e-14 5.723315686544404313e-03 5.205760036471541313e-02 4.115799974989853888e-13 -4.106137054746021086e-13 5.152469911606915656e-13 2.809272619522456063e-02 7.732035092098829645e-14 -3.361728686074718029e-13 -2.667893000063656025e-02 -8.063360118859490514e-13 3.994253925542419762e-13 3.480430952143972329e-02 -3.579299649412656282e-14 -1.747600738727332886e-13 -3.031736262677224916e-02 -6.402430831846363246e-02 1.147609943645532260e+00 4.022624647324964580e-13 -2.824914745922649587e-03 1.346713254580868824e-01 4.274091918064759737e-13
-7.970174350305012090e-02 3.165134550521241791e-02 -5.798579829068826123e-13 -1.475598659169034994e-02 -4.000760115101967967e-02 5.040386626907405350e-13 2.859452539557745879e-02 -8.549596909257627109e-03 1.057636677886506346e-12 5.716120430214170593e-03 1.951429520993666969e-02 4.115799974989853888e-13 -5.246308961551999617e-13 -4.884516751274523173e-14 1.668055251930343763e-01 -1.049156154394743945e-13 -4.115126628558144896e-13 9.250694902793332730e-02 -7.141276083177509892e-02 2.809272619522456063e-02 -5.161023382123605607e-13 1.344518222265195066e-02 -2.666472033120092025e-02 3.353621531301919192e-13 -6.401080135635410506e-02 3.480430952143972329e-02 -4.006813167231124214e-13 -2.820640496428620993e-03 -3.030181714795176021e-02 1.740759993182851007e-13 8.064934377736308770e-13 4.022624647324964580e-13 1.217307432524113775e+00 3.542772975724402169e-14 -7.742934713144343910e-13 7.403736381376629927e-02
0.000000000000000000e+00 -8.480642595714200124e-14 -1.475598659169034994e-02 1.258691979464487086e-15 0.000000000000000000e+00 7.569971594910325507e-02 -3.720875435288706799e-13 1.048562039501641946e-13 5.716120430214170593e-03 9.786625038023198841e-13 -3.358574918524425876e-13 -2.667893000063656025e-02 -6.471789187343653105e-02 5.723315686544404313e-03 -1.049156154394743945e-13 1.700858922098735793e-01 -2.667348911384289853e-02 3.353621531301919192e-13 0.000000000000000000e+00 7.732035092098829645e-14 1.344518222265195066e-02 0.000000000000000000e+00 0.000000000000000000e+00 7.390984546721725279e-02 0.000000000000000000e+00 -3.579299649412656282e-14 -2.820640496428620993e-03 0.000000000000000000e+00 4.404073497391615120e-13 6.436064530996303545e-02 -2.143288200685858347e-02 -2.824914745922649587e-03 3.542772975724402169e-14 1.678218932318737533e+00 6.435743747247070490e-02 -4.411938044135479051e-13
0.000000000000000000e+00 -5.037486207397847402e-13 -4.000760115101967967e-02 0.000000000000000000e+00 5.709562553424891461e-13 8.329367559419073586e-02 -5.038403116226758850e-13 4.110310064711730120e-13 1.951429520993666969e-02 -3.358574918524425876e-13 7.744697748789561751e-13 -3.031736262677224916e-02 -4.001497750246923307e-02 5.205760036471541313e-02 -4.115126628558144896e-13 -2.667348911384289853e-02 1.346903278994189823e-01 1.740759993182851007e-13 0.000000000000000000e+00 -3.361728686074718029e-13 -2.666472033120092025e-02 0.000000000000000000e+00 4.399147693613572222e-13 6.436064530996303545e-02 5.702200391772478234e-13 -1.747600738727332886e-13 -3.030181714795176021e-02 4.404073497391615120e-13 0.000000000000000000e+00 7.322031961661562560e-02 8.329286456438347863e-02 1.346713254580868824e-01 -7.742934713144343910e-13 6.435743747247070490e-02 2.077040409745954719e+00 0.000000000000000000e+00
1.104836698954848040e-01 -4.002527538542698798e-02 5.040386626907405350e-13 7.569971594910325507e-02 8.329367559419073586e-02 -5.697619700167248346e-13 -4.002527538542698798e-02 2.094085600393756977e-02 4.115799974989853888e-13 -2.667893000063656025e-02 -3.031736262677224916e-02 4.274091918064759737e-13 5.040386626907405350e-13 4.115799974989853888e-13 9.250694902793332730e-02 3.353621531301919192e-13 1.740759993182851007e-13 7.403736381376629927e-02 7.569971594910325507e-02 -2.667893000063656025e-02 3.353621531301919192e-13 7.390984546721725279e-02 6.436064530996303545e-02 -4.411938044135479051e-13 8.329367559419073586e-02 -3.031736262677224916e-02 1.740759993182851007e-13 6.436064530996303545e-02 7.322031961661562560e-02 0.000000000000000000e+00 -5.697619700167248346e-13 4.274091918064759737e-13 7.403736381376629927e-02 -4.411938044135479051e-13 0.000000000000000000e+00 2.223681251338024634e+00
